1.6911874708338372
1.7042990626053127
1.635145953528972
1.5712183609816632
1.6117055748497993
1.5922805400887026
1.6440610488062692
1.5546607236533418
1.65897329833196
1.6537021106251018
1.695286351485301
1.5509242765330016
1.6773288213577844
1.6776835583191716
1.5518169205741534
1.6605574862055887
1.572646024691315
1.6469797929560854
1.5820759618268279
1.6790532996823668
1.603943915817787
1.5242367029698154
1.5863396477943477
1.6836813459406976
1.5947027365217097
1.757234162450052
1.6431079156376993
1.5947178682987493
1.7397488408785884
1.6984187805373756
1.7360758103275264
1.6133830681147545
1.7269243150077194
1.5165710464548048
1.6577776607614652
1.5263065083818248
1.6616993918429477
1.4988821562603427
1.4789137811214699
1.5819450677226226
1.688830142838191
1.549601178545478
1.4909546763990176
1.4692559811653072
1.4456676855388058
1.6239650375154313
1.493687369434667
1.36242769465135
1.5254203270538231
1.583678051292988
1.6723846100027189
1.589964599313605
1.5015498393099522
1.3976744817503644
1.6405384432550363
1.4183482922858701
1.6453037531596022
1.5834971150580468
1.555132576655829
1.7429579519426297
1.4131842386558664
1.6283009618593667
1.625321617185511
1.6127941715951686
1.476652821924704
1.571702764439316
1.5362734310384634
1.6256301615400475
1.6455044156305834
1.4288966095054902
1.644442617201201
1.6551359333300972
1.4161586403129114
1.558948398813962
1.7169589801790652
1.6823693517436837
1.6433533471787707
1.6267167641779376
1.4047837015374274
1.5837144479087983
1.5755183729050999
1.4179308534165573
1.5313011780928514
